[(569, 7), (467, 407)]
[(273, 224), (1056, 436)]
[(599, 515), (734, 2)]
[(463, 437), (625, 484)]
[(765, 435), (628, 396)]
[(1005, 583), (739, 512)]
[(717, 602), (778, 383)]
[(1045, 378), (1194, 241)]
[(499, 382), (280, 323)]
[(601, 408), (651, 421)]
[(671, 536), (659, 588)]
[(203, 469), (506, 551)]
[(711, 598), (942, 663)]
[(1000, 575), (964, 687)]
[(970, 686), (922, 657)]
[(590, 571), (606, 511)]
[(614, 518), (594, 513)]
[(513, 538), (497, 554)]
[(597, 566), (507, 542)]
[(811, 525), (790, 627)]
[(992, 575), (1085, 605)]
[(1287, 733), (1073, 599)]
[(556, 503), (683, 543)]
[(1056, 594), (1106, 615)]
[(314, 114), (275, 234)]
[(182, 42), (182, 578)]
[(216, 470), (173, 475)]
[(304, 229), (258, 404)]
[(306, 406), (227, 376)]
[(690, 3), (1011, 359)]
[(874, 2), (777, 368)]
[(693, 185), (362, 95)]
[(484, 21), (354, 522)]
[(173, 249), (483, 331)]
[(375, 242), (339, 363)]
[(263, 364), (406, 399)]
[(846, 465), (754, 437)]
[(878, 270), (812, 533)]
[(733, 327), (707, 425)]
[(573, 299), (558, 372)]
[(476, 402), (450, 415), (445, 404), (469, 442)]
[(998, 349), (1054, 378)]
[(1048, 430), (1012, 590)]
[(791, 679), (780, 616)]
[(773, 658), (974, 686)]
[(783, 667), (867, 781)]
[(594, 551), (724, 589)]
[(738, 544), (675, 542)]
[(698, 530), (678, 581)]
[(436, 466), (393, 618)]
[(177, 404), (617, 518)]
[(255, 390), (272, 421)]
[(484, 277), (432, 474)]
[(281, 302), (424, 339)]
[(998, 96), (860, 224)]
[(1152, 286), (985, 103)]
[(1054, 171), (929, 292)]
[(40, 3), (287, 72)]
[(375, 30), (320, 228)]
[(245, 487), (268, 406)]
[(177, 443), (257, 469)]
[(534, 453), (511, 558)]
[(2, 336), (186, 375)]
[(167, 180), (77, 239)]
[(87, 225), (5, 501)]
[(136, 212), (89, 118)]
[(93, 130), (123, 2)]
[(143, 183), (357, 223)]
[(346, 226), (383, 207)]
[(376, 218), (445, 9)]
[(494, 32), (439, 15)]
[(722, 122), (539, 72)]
[(610, 172), (655, 3)]
[(779, 399), (714, 382)]
[(428, 418), (412, 482)]
[(410, 429), (468, 428)]
[(466, 399), (545, 467)]
[(526, 463), (562, 444)]
[(627, 754), (791, 651)]
[(659, 781), (600, 677)]
[(410, 669), (609, 681)]
[(393, 604), (426, 715)]
[(417, 695), (443, 743)]
[(431, 733), (531, 776)]
[(437, 680), (408, 745)]
[(405, 736), (430, 780)]
[(387, 651), (479, 617)]
[(458, 618), (550, 621)]
[(544, 612), (564, 684)]
[(457, 614), (470, 676)]
[(14, 430), (160, 483)]
[(135, 478), (187, 469)]
[(63, 428), (184, 463)]
[(38, 570), (62, 441)]
[(87, 349), (64, 451)]
[(663, 249), (803, 285)]
[(863, 30), (994, 80)]
[(977, 80), (1087, 56)]
[(1068, 66), (1138, 0)]
[(982, 69), (1023, 157)]
[(1080, 210), (1235, 67)]
[(1155, 133), (1236, 237)]
[(1306, 254), (1080, 448)]
[(1040, 436), (1097, 440)]
[(1268, 325), (1174, 220)]
[(1209, 186), (1169, 227)]
[(334, 550), (407, 590)]
[(353, 505), (343, 561)]
[(2, 563), (175, 598)]
[(186, 571), (170, 598)]
[(227, 564), (394, 653)]
[(240, 565), (180, 611)]
[(166, 592), (186, 614)]
[(185, 604), (181, 726)]
[(573, 677), (602, 771)]
[(597, 748), (583, 777)]
[(469, 753), (518, 736)]
[(598, 474), (761, 512)]
[(701, 455), (618, 433)]
[(695, 447), (664, 543)]
[(848, 405), (639, 346)]
[(701, 335), (680, 416)]
[(786, 359), (766, 387)]
[(768, 378), (752, 445)]
[(1044, 365), (1058, 444)]
[(814, 208), (873, 223)]
[(867, 213), (877, 283)]
[(1106, 631), (1131, 590)]
[(1122, 596), (1148, 593)]
[(1142, 599), (1193, 502)]
[(1077, 440), (1181, 488)]
[(1174, 480), (1191, 514)]
[(1184, 515), (1314, 414)]
[(77, 283), (5, 230)]
[(1133, 645), (1141, 589)]
[(1324, 371), (1305, 431)]
[(1289, 263), (1331, 266)]
[(515, 240), (433, 201)]
[(534, 170), (302, 112)]
[(180, 132), (449, 206)]
[(155, 583), (191, 573)]
[(162, 587), (121, 510)]
[(117, 521), (159, 477)]
[(147, 552), (44, 524)]
[(36, 559), (49, 577)]
[(824, 785), (751, 665)]
[(742, 721), (779, 695)]
[(727, 682), (787, 784)]
[(807, 739), (743, 782)]
[(751, 782), (703, 700)]
[(651, 779), (706, 741)]
[(640, 762), (713, 709)]
[(687, 719), (724, 780)]
[(802, 739), (762, 783)]
[(369, 575), (425, 522)]
[(394, 518), (357, 575)]
[(437, 325), (480, 150)]
[(708, 4), (841, 157)]
[(966, 316), (937, 426)]
[(887, 481), (921, 342)]
[(861, 323), (900, 340)]
[(893, 330), (895, 369)]
[(886, 353), (999, 384)]
[(999, 336), (965, 456)]
[(229, 434), (107, 101)]
[(106, 100), (19, 89)]
[(512, 746), (522, 671)]
[(814, 100), (887, 109)]
[(875, 120), (943, 57)]
[(978, 634), (1097, 740)]
[(1151, 643), (1091, 741)]
[(616, 611), (685, 728)]
[(637, 559), (618, 624)]
[(544, 631), (627, 619)]
[(587, 557), (602, 692)]
[(507, 734), (603, 753)]
[(558, 673), (554, 749)]
[(1118, 766), (1197, 638)]
[(1174, 615), (1194, 650)]
[(1171, 629), (1193, 587)]
[(1188, 643), (1258, 628)]
[(1236, 639), (1275, 581)]
[(1251, 718), (1328, 645)]
[(1193, 343), (1276, 403)]
[(855, 665), (823, 732)]
[(623, 159), (551, 240)]
[(564, 217), (560, 306)]
[(589, 315), (633, 239)]
[(622, 277), (606, 168)]
[(505, 225), (617, 180)]
[(599, 175), (670, 264)]
[(497, 280), (578, 195)]
[(655, 323), (625, 198)]
[(511, 216), (560, 307)]
[(580, 314), (669, 250)]
[(566, 311), (604, 170)]
[(579, 314), (612, 186)]
[(988, 352), (1060, 288)]
[(1090, 343), (1029, 276)]
[(1036, 471), (1179, 550)]
[(1190, 462), (1251, 500)]
[(1272, 456), (1214, 553)]
[(1177, 523), (1219, 548)]
[(1132, 392), (1278, 472)]
[(1047, 484), (1103, 449)]
[(834, 743), (897, 765)]
[(864, 761), (900, 668)]
[(1051, 782), (954, 682)]
[(999, 718), (980, 777)]
[(990, 777), (915, 742)]
[(888, 765), (931, 744)]
[(1267, 393), (1280, 449)]
[(647, 341), (492, 299)]
[(803, 255), (882, 280)]
[(793, 289), (876, 308)]
[(722, 5), (824, 108)]
[(1065, 50), (1157, 148)]
[(1233, 224), (1227, 288)]
[(1219, 356), (1179, 426)]
[(1279, 427), (1206, 434)]