[(816, 629), (816, 615), (821, 602), (826, 591), (829, 576), (830, 564), (832, 554), (833, 542), (811, 537), (806, 548), (803, 560), (801, 577), (797, 593), (794, 606), (791, 624), (808, 629), (827, 631)]
[(786, 582), (802, 585), (805, 575), (789, 570)]
[(815, 539), (779, 530), (741, 521), (709, 512), (700, 534), (686, 546), (680, 575), (661, 570), (669, 538), (640, 531), (612, 525), (604, 539)]
[(746, 509), (736, 546), (709, 540), (692, 526), (657, 517), (639, 534), (648, 550), (662, 534), (680, 540)]
[(812, 526), (740, 508), (714, 505), (714, 488), (717, 474), (727, 470), (738, 457), (757, 459), (762, 440), (754, 430), (702, 415), (647, 399), (647, 413), (646, 426), (633, 436), (619, 434), (609, 475), (647, 488), (652, 480), (670, 469), (706, 478), (717, 485)]
[(652, 421), (593, 404)]
[(638, 348), (607, 474), (534, 456)]
[(554, 377), (568, 329), (644, 352)]
[(602, 435), (585, 455), (562, 447), (535, 464), (510, 435), (489, 424)]
[(511, 369), (598, 389), (587, 423), (501, 396), (516, 365)]
[(552, 373), (559, 383)]
[(643, 481), (662, 523)]
[(656, 502), (608, 531)]
[(501, 400), (601, 388), (510, 363), (592, 423)]
[(672, 479), (658, 448)]
[(818, 628), (811, 632)]
[(667, 559), (646, 569), (599, 560), (608, 531)]
[(513, 447), (534, 451), (553, 457)]
[(611, 470), (599, 506), (613, 529)]
[(863, 595), (847, 588), (837, 587), (825, 584)]
[(717, 501), (710, 513)]