[(816, 629), (816, 615), (821, 602), (826, 591), (829, 576), (830, 564), (832, 554), (833, 542), (811, 537), (806, 548), (803, 560), (801, 577), (797, 593), (794, 606), (791, 624), (808, 629), (827, 631)]
[(786, 582), (802, 585), (805, 575), (789, 570)]
[(815, 539), (779, 530), (741, 521), (709, 512), (700, 534), (686, 546), (680, 575), (661, 570), (669, 538), (640, 531), (612, 525), (604, 539)]
[(746, 509), (736, 546), (709, 540), (692, 526), (657, 517), (639, 534), (648, 550), (662, 534), (680, 540)]
[(812, 526), (740, 508), (714, 505), (714, 488), (717, 474), (727, 470), (738, 457), (757, 459), (762, 440), (754, 430), (702, 415), (647, 399), (647, 413), (646, 426), (633, 436), (619, 434), (609, 475), (647, 488), (652, 480), (670, 469), (706, 478), (717, 485)]
[(652, 421), (593, 404)]
[(638, 348), (607, 474), (534, 456)]
[(554, 377), (568, 329), (644, 352)]
[(602, 435), (585, 455), (562, 447), (535, 464), (510, 435), (489, 424)]
[(511, 369), (598, 389), (587, 423), (501, 396), (516, 365)]
[(552, 373), (559, 383)]
[(643, 481), (662, 523)]
[(656, 502), (608, 531)]
[(501, 400), (601, 388), (510, 363), (592, 423)]
[(672, 479), (658, 448)]
[(818, 628), (811, 632)]
[(667, 559), (646, 569), (599, 560), (608, 531)]
[(513, 447), (534, 451), (553, 457)]
[(611, 470), (599, 506), (613, 529)]
[(863, 595), (847, 588), (837, 587), (825, 584)]
[(717, 501), (710, 513)]
[(598, 507), (522, 495), (532, 465), (511, 550), (419, 528), (401, 585), (388, 583), (363, 567), (358, 576), (365, 567), (339, 553), (345, 521), (319, 510), (319, 500), (281, 488), (277, 503), (281, 488), (246, 478), (261, 427), (263, 411), (259, 393), (262, 383), (278, 321), (317, 329), (278, 322), (288, 284), (304, 234), (340, 242), (369, 250), (392, 257), (401, 258), (412, 261), (423, 257), (425, 264), (418, 267), (409, 306), (406, 313), (402, 330), (418, 271), (427, 265), (570, 305), (573, 297), (570, 305), (636, 324), (643, 324), (650, 322), (652, 328), (644, 332), (654, 329), (702, 339), (715, 332), (725, 345), (710, 352), (702, 340), (717, 331), (727, 345), (768, 358), (775, 359), (781, 355), (784, 362), (777, 365), (787, 362), (846, 379), (900, 393), (908, 395), (909, 382), (913, 370), (907, 396), (953, 407), (977, 414), (996, 418), (1015, 422), (1030, 427), (1040, 427), (1036, 432), (1047, 423), (1055, 424), (1062, 428), (1064, 439), (1053, 443), (1043, 433)]
[(813, 527), (993, 582), (1005, 576), (1011, 586), (1001, 590), (992, 643), (1086, 735), (1127, 681), (1108, 668), (1127, 682), (1148, 644), (1183, 665), (1191, 642), (1176, 625), (1183, 606), (1188, 594), (1175, 626), (1192, 643), (1218, 641), (1240, 632), (1256, 620), (1267, 601), (1269, 587)]
[(1183, 665), (1258, 712), (1276, 700), (1296, 691), (1305, 676), (1315, 655), (1323, 640), (1329, 624), (1329, 611), (1329, 591), (1326, 579), (1306, 565), (1289, 546), (1274, 533), (1265, 526)]
[(992, 644), (970, 670), (965, 684), (949, 679), (956, 668), (971, 670), (956, 668), (919, 689), (890, 689), (853, 685), (833, 676), (806, 666), (789, 659), (755, 672), (727, 685), (714, 661), (727, 685), (703, 699), (675, 715), (660, 689), (642, 655), (633, 638), (619, 620), (624, 603), (632, 568), (644, 571), (664, 572), (696, 580), (717, 584), (721, 608), (751, 615), (833, 633), (865, 641), (890, 649), (913, 654), (933, 657), (945, 663), (955, 667)]
[(702, 701), (754, 790), (738, 803), (694, 729), (702, 743), (665, 771), (708, 819), (736, 804), (708, 819), (698, 819), (635, 750), (674, 715), (633, 750), (604, 681), (415, 670), (407, 645), (465, 622), (544, 621), (560, 677), (577, 679), (584, 718), (586, 744), (572, 755), (557, 754), (532, 776), (491, 758), (455, 747), (441, 735), (432, 721), (419, 702), (412, 675), (407, 644), (394, 619), (401, 586)]
[(425, 256), (458, 121), (533, 139), (552, 75), (705, 115), (690, 181), (683, 206), (693, 209), (694, 196), (687, 192), (721, 196)]
[(705, 115), (726, 43), (822, 147), (834, 147), (870, 33), (984, 75), (1070, 57), (1137, 1), (1069, 57), (1152, 142), (1162, 143)]
[(1007, 579), (1053, 444), (1064, 440), (1101, 438), (1136, 411), (1174, 376), (1203, 353), (1223, 335), (1254, 310), (1244, 292), (1207, 253), (1192, 235), (1050, 371), (840, 161), (828, 162), (799, 280), (716, 259), (799, 280), (781, 354)]
[(692, 182), (532, 139), (363, 92), (406, 105), (375, 200), (361, 216), (318, 215), (271, 204), (221, 194), (176, 182), (170, 218), (171, 254), (172, 291), (177, 323), (191, 343), (207, 359), (227, 374), (253, 384), (278, 390), (300, 403), (312, 418), (316, 428), (300, 401), (301, 385), (307, 377), (340, 384), (370, 390), (383, 395)]
[(654, 1), (609, 172), (585, 190), (572, 211), (557, 237), (551, 267), (554, 286), (571, 296), (594, 301), (610, 280), (617, 257), (619, 232), (619, 205), (610, 173)]
[(179, 183), (147, 184), (123, 190), (107, 162), (96, 121), (100, 88), (107, 51), (114, 26), (143, 32), (175, 41), (207, 49), (221, 53), (234, 54), (236, 43), (243, 25), (244, 13), (241, 2), (251, 1), (252, 9), (244, 14), (244, 26), (292, 35), (287, 68), (233, 55), (251, 62), (243, 100)]
[(756, 672), (860, 817), (872, 819), (883, 816), (890, 802), (873, 787), (850, 765), (831, 736), (814, 710), (788, 663), (853, 685), (837, 715), (840, 722), (854, 726), (867, 733), (873, 737), (870, 746), (869, 754), (898, 768), (895, 774), (891, 769)]
[(246, 476), (185, 469), (183, 574), (184, 468), (149, 479), (92, 464), (61, 449), (69, 433), (86, 439), (121, 447), (152, 455), (178, 460), (182, 440), (180, 411), (180, 378), (184, 384), (182, 374), (153, 369), (119, 362), (90, 358), (68, 352), (56, 346), (62, 319), (70, 279), (80, 257), (95, 237), (116, 219), (132, 205), (153, 200), (182, 198), (194, 200), (214, 206), (237, 209), (270, 211), (287, 215), (308, 219), (332, 224), (347, 223), (376, 212), (382, 199), (388, 181), (395, 157), (400, 139), (407, 116), (412, 106)]